image_width: 640
image_height: 360
camera_name: rpi_camera
camera_matrix:
  rows: 3
  cols: 3
  data: [863.59462,   0.     , 316.1212 ,
           0.     , 428.81028, 152.44395,
           0.     ,   0.     ,   1.     ]
distortion_model: plumb_bob
distortion_coefficients:
  rows: 1
  cols: 5
  data: [0.106116, -0.073046, -0.017047, -0.005678, 0.000000]
rectification_matrix:
  rows: 3
  cols: 3
  data: [1., 0., 0.,
         0., 1., 0.,
         0., 0., 1.]
projection_matrix:
  rows: 3
  cols: 4
  data: [890.63397,   0.     , 313.3083 ,   0.     ,
           0.     , 437.13492, 148.18396,   0.     ,
           0.     ,   0.     ,   1.     ,   0.     ]
