image_width: 640
image_height: 480
camera_name: rpi_camera
camera_matrix:
  rows: 3
  cols: 3
  data: [1368.71275,    0.     ,  386.33299,
            0.     , 1355.55165,  139.91614,
            0.     ,    0.     ,    1.     ]
distortion_model: plumb_bob
distortion_coefficients:
  rows: 1
  cols: 5
  data: [0.321516, -1.550648, -0.024932, 0.023929, 0.000000]
rectification_matrix:
  rows: 3
  cols: 3
  data: [1., 0., 0.,
         0., 1., 0.,
         0., 0., 1.]
projection_matrix:
  rows: 3
  cols: 4
  data: [1382.76636,    0.     ,  390.20258,    0.     ,
            0.     , 1369.36023,  136.56271,    0.     ,
            0.     ,    0.     ,    1.     ,    0.     ]
